2220251401 4 2025 黄鑫 计算机 60 50 77 99 55 341 5 101 102 103 104 105
2220251402 10 2025 李雨桐 计算机 74 54 50 70 96 344 5 101 102 103 104 105
2220251403 8 2025 刘洋 计算机 56 52 55 92 59 314 5 101 102 103 104 105
2220251404 3 2025 陈静 计算机 100 51 68 77 86 382 5 101 102 103 104 105
2220251405 8 2025 胡亮 计算机 66 80 52 99 69 366 5 101 102 103 104 105
2220251406 6 2025 马超 计算机 83 80 63 88 90 404 5 101 102 103 104 105
2220251407 9 2025 孙悦 计算机 86 70 50 75 99 380 5 101 102 103 104 105
2220251408 11 2025 吴昊 计算机 82 77 93 84 90 426 5 101 102 103 104 105
2220251409 11 2025 杨帆 计算机 88 81 83 92 76 420 5 101 102 103 104 105
2220251410 6 2025 徐明 计算机 82 52 98 91 61 384 5 101 102 103 104 105
2220251411 2 2025 张子轩 计算机 81 92 66 60 71 370 5 101 102 103 104 105
2220251412 6 2025 赵磊 计算机 85 75 54 96 79 389 5 101 102 103 104 105
2220251413 7 2025 张伟 计算机 86 99 71 51 62 369 5 101 102 103 104 105
2220251414 10 2025 王梦涵 计算机 55 90 73 50 72 340 5 101 102 103 104 105
2220251415 4 2025 陈思远 计算机 75 84 82 96 53 390 5 101 102 103 104 105
